8759584267314077 Margaret_Williams 216 4500.0
8581063421148570 William_Harris 1117 27300.0
8698805977296417 Susan_Taylor 1218 48800.0
8575451042939192 Barbara_Garcia 217 52100.0
8682059703866834 Richard_Taylor 418 2300.0
8936243436070492 Joseph_Miller
8795679644539289 Susan_White 819 64600.0
8962390562622049 James_Jones
8899342595966184 Richard_Brown
8479979080188788 Charles_White 419 68100.0
8668449391881086 Dorothy_Davis 1217 46700.0
8522467870270496 Mary_White 415 39700.0
8603002861451157 Christopher_Anderson 1117 41200.0
8978571163741023 William_Thompson
8574834270460638 Patricia_White 119 17700.0
8976449426358947 Linda_Thompson
8740008867464316 David_Brown 1219 30900.0
8603865194700047 Robert_Harris 415 10400.0
8458930310710342 Robert_Robinson 219 9700.0
8607038705438596 Christopher_Brown 515 52300.0
8524906615421823 Margaret_Wilson 1219 20500.0
8553132768960731 Christopher_Brown 817 20700.0
8920512504553108 Mary_Robinson
8909971450196719 Jennifer_White
8540673557146376 Christopher_Thompson 1218 32000.0
8640627513986761 Patricia_Moore 115 24900.0
8579311153854358 Richard_Thompson 118 29900.0
8984562839294673 Michael_Martinez
8535187875019814 Mary_Harris 1215 27500.0
8888691777988940 John_Jones
8489981925227953 Susan_Brown 317 59600.0
8715429616914016 Joseph_Moore 816 35500.0
8873009944682061 John_White
8879934483519616 Linda_White
8657755187767454 Mary_Johnson 1216 4100.0
8790698932254497 Patricia_Jackson 1117 16700.0
8806819751853938 Linda_Miller
8473474823659978 Barbara_Smith 317 17500.0
8556436322082842 Elizabeth_Johnson 218 29200.0
8931257730606420 David_Thompson
8947787973530216 David_Jackson
8638942563534615 Patricia_Taylor 919 41500.0
8603100485227884 Dorothy_Smith 1215 12300.0
8760957627014653 Linda_Thomas 1119 51900.0
8813591658082746 David_Taylor
8743716577743673 Robert_Jackson 1018 45400.0
8597982773221790 Charles_Brown 319 43700.0
8642541327644969 William_White 1016 21600.0
8909307355770740 John_Johnson
8510374578402963 William_Jones 917 30200.0
8400219437311688 Elizabeth_Harris 716 39200.0
8472089627481297 Maria_Robinson 615 41300.0
8918107127768116 Mary_Moore
8542624931903921 Robert_Robinson 918 43400.0
8466267549793959 William_Davis 718 28000.0
8902544285239126 Barbara_Johnson
8853180770348855 Robert_Brown
8541727209509208 Patricia_White 119 17700.0
8652104306470838 Joseph_Anderson 918 42100.0
8813372724353704 David_Brown
